
		Team : Invincibles
		Moves : 15

		0  |  0
		1  |  4
		2  |  11
		3  |  3
		4  |  10
		5  |  14
		6  |  13
		7  |  1
		8  |  9
		9  |  12
		10  |  15
		11  |  8
		12  |  5
		13  |  2
		14  |  7
		15  |  6


		Team : codegeek
		Moves : 17

		0  |  0
		1  |  6
		2  |  7
		3  |  1
		4  |  9
		5  |  15
		6  |  8
		7  |  5
		8  |  13
		9  |  11
		10  |  3
		11  |  10
		12  |  14
		13  |  12
		14  |  -1
		15  |  -1


		Team : tanmaydatta
		Moves : 15

		0  |  0
		1  |  4
		2  |  11
		3  |  3
		4  |  10
		5  |  14
		6  |  13
		7  |  1
		8  |  9
		9  |  12
		10  |  15
		11  |  8
		12  |  5
		13  |  2
		14  |  7
		15  |  6


		Team : desi_boyz
		Moves : 135

		0  |  0
		1  |  6
		2  |  7
		3  |  2
		4  |  5
		5  |  8
		6  |  15
		7  |  12
		8  |  9
		9  |  1
		10  |  13
		11  |  14
		12  |  10
		13  |  3
		14  |  11
		15  |  4


		Team : Harshab
		Moves : 15

		0  |  0
		1  |  6
		2  |  7
		3  |  2
		4  |  5
		5  |  8
		6  |  15
		7  |  12
		8  |  9
		9  |  1
		10  |  13
		11  |  14
		12  |  10
		13  |  3
		14  |  11
		15  |  4


		Team : harshal_jeevan
		Moves : 103

		0  |  0
		1  |  4
		2  |  11
		3  |  3
		4  |  10
		5  |  14
		6  |  13
		7  |  5
		8  |  2
		9  |  7
		10  |  1
		11  |  9
		12  |  12
		13  |  15
		14  |  8
		15  |  -1


		Team : r1s3k2@gmail.com
		Moves : 104

		0  |  0
		1  |  6
		2  |  7
		3  |  4
		4  |  11
		5  |  3
		6  |  10
		7  |  14
		8  |  12
		9  |  9
		10  |  1
		11  |  13
		12  |  5
		13  |  8
		14  |  15
		15  |  -1


		Team : best friends
		Moves : 100

		0  |  0
		1  |  4
		2  |  11
		3  |  3
		4  |  10
		5  |  14
		6  |  13
		7  |  5
		8  |  8
		9  |  15
		10  |  9
		11  |  1
		12  |  7
		13  |  2
		14  |  -1
		15  |  -1


		Team : bhatiabhallad11
		Moves : 37

		0  |  0
		1  |  6
		2  |  7
		3  |  4
		4  |  -1
		5  |  -1
		6  |  -1
		7  |  -1
		8  |  -1
		9  |  -1
		10  |  -1
		11  |  -1
		12  |  -1
		13  |  -1
		14  |  -1
		15  |  -1


